160
654
848
157
651
644
670
41
873
250
176
230
905
632
355
749
424
144
484
282
842
441
276
840
767
32
290
295
961
997
305
943
815
888
701
579
609
892
302
643
438
818
654
992
788
850
692
197
684
847
583
245
10
258
666
745
948
886
882
786
939
936
721
588
911
134
457
354
644
300
441
961
767
253
260
457
225
816
282
203
846
728
171
640
660
174
356
594
736
738
4
719
30
384
900
91
798
246
954
181
847
867
759
994
369
380
166
805
835
109
133
681
108
269
626
437
563
976
554
496
724
918
948
699
484
756
356
439
399
582
707
230
448
4
196
215
623
163
280
426
684
663
787
624
684
834
890
736
174
180
955
854
10
262
828
324
24
840
866
404
391
312
741
915
65
257
193
920
528
786
339
81
54
421
331
169
857
196
64
990
511
488
777
496
668
147
551
15
200
248
499
670
721
716
582
631
745
610
744
852
998
171
512
98
994
142
125
196
188
14
438
243
449
374
384
978
867
840
372
501
528
814
357
676
529
798
114
699
57
544
37
99
746
636
534
542
678
928
543
67
76
986
386
504
155
868
39
25
714
489
843
270
160
987
231
857
451
646
432
170
88
176
979
167
716
601
574
103
3
157
197
295
270
738
766
406
61
235
164
725
848
468
961
961
499
230
333
139
400
480
300
396
751
657
441
315
413
52
482
437
311
325
475
441
78
490
234
979
434
996
659
89
413
327
452
781
115
221
84
238
632
216
343
905
284
88
15
398
706
138
571
933
40
144
38
371
289
551
526
368
203
171
393
47
155
423
984
603
267
657
265
894
222
881
638
676
649
806
464
741
807
483
974
249
400
196
576
583
870
315
725
596
801
788
161
573
296
734
852
852
93
738
898
270
931
925
955
173
575
599
696
153
889
825
395
572
298
23
482
499
39
795
199
500
573
287
366
987
644
488
726
819
165
307
947
414
670
366
691
3
557
184
908
97
698
495
79
39
393
365
553
800
172
146
789
900
36
666
135
157
68
355
968
847
125
114
607
757
273
421
624
976
741
572
546
401
58
186
60
601
802
211
658
132
250
551
640
2
820
955
322
811
520
978
868
109
409
841
566
659
898
256
212
494
31
511
671
879
689
889
483
350
459
907
382
944
342
848
306
154
706
705
240
141
118
139
445
260
577
373
340
116
660
950
228
564
280
729
484
152
137
681
759
770
108
451
850
885
909
675
817
127
977
921
367
863
833
61
682
309
903
412
701
749
562
808
55
722
193
645
360
800
456
902
320
121
220
499
88
31
946
251
65
734
25
254
740
198
504
773
174
214
260
19
256
225
892
781
519
566
824
909
561
971
107
517
684
214
977
926
474
456
6
106
820
914
31
50
542
359
445
974
866
164
395
895
508
16
451
254
747
239
951
232
96
770
460
599
337
14
8
356
589
496
886
986
58
20
462
433
406
338
178
778
565
336
550
86
190
757
847
247
199
325
403
47
793
820
521
795
508
208
114
938
86
249
244
845
967
315
901
9
312
583
4
9
394
398
287
372
361
569
317
821
939
746
630
570
583
406
697
841
10
450
36
717
414
281
909
6
626
254
550
684
106
986
623
735
383
540
824
287
165
644
770
674
309
604
652
584
794
719
173
33
212
1
851
967
940
829
135
832
510
453
7
223
621
545
810
468
522
886
911
933
316
324
283
779
3
804
718
191
956
113
361
100
278
76
477
226
648
853
894
591
573
961
668
148
404
535
942
505
254
971
501
733
909
974
587
568
451
375
598
995
738
692
751
588
123
175
784
656
72
528
734
364
948
44
936
281
601
457
872
883
972
18
87
700
825
357
484
303
948
48
387
822
789
330
263
347
649
357
846
423
682
860
32
299
743
975
810
619
638
103
263
169
345
566
301
152
458
975
892
880
132
804
552
124
816
490
525
141
108
392
394
674
388
361
503
972
665
284
50
491
426
820
67
587
92
545
468
95
968
729
225
291
245
131
213
665
146
738
16
849
565
525
70
59
867
238
946
845
208
376
913
712
702
71
639
682
224
286
571
381
605
412
410
29
977
535
278
727
836
362
884
104
653
642
443
164
387
543
185
133
392
127
854
789
755
408
818
388
696
793
740
660
426
121
777
246
404
800
915
442
366
737
51
176
422
638
88
142
411
986
887
136
849
116
475
274
359
188
590
579
401
361
444
517
840
967
65
841
484
956
44
673
599
972
537
160
713
112
365
282
337
341
717
880
540
465
233
454
177
1
393
217
199
692
53
398
197
364
342
450
37
621
113
98
978
166
568
671
318
793
710
684
15
950
691
271
288
189
417
57
793
578
152
658
522
190
204
320
239
568
419
809
945
366
435
283
456
715
32
614
523
90
223
570
14
296
510
221
486
51
710
94
826
946
845
927
432
556
58
151
405
514
185
245
460
717
767
404
908
758
311
808
83
55
443
603
954
266
456
745
722
28
122
390
809
867
567
938
311
509
16
818
244
126
810
677
189
5
954
457
371
299
115
360
840
989
916
519
420
965
539
927
833
745
900
529
792
578
294
631
627
687
264
654
380
137
839
668
243
193
564
708
193
227
724
51
411
542
865
475
450
337
757
661
303
290
614
81
791
35
661
771
422
81
637
499
941
947
222
767
261
420
304
539
873
642
995
749
31
382
914
973
742
568
300
171
673
537
333
72
542
5
373
883
791
937
711
31
425
579
305
630
482
374
784
245
702
925
275
758
527
994
86
5
859
338
900
164
47
930
426
967
48
744
634
778
734
459
777
28
982
936
994
322
999
297
87
885
815
660
218
152
966
346
320
819
145
634
223
290
347
273
564
453
164
7
368
12
253
513
328
965
496
978
444
177
898
322
639
242
870
926
233
478
256
16
350
353
477
403
756
676
528
910
431
146
384
502
391
421
75
762
547
768
85
721
497
924
585
820
488
911
655
467
311
297
39
447
186
191
728
266
16
663
29
205
774
153
672
695
84
452
345
540
807
604
134
545
258
334
956
103
764
801
514
236
182
376
185
176
271
284
759
473
118
581
578
612
455
417
656
793
297
204
320
254
253
945
734
725
519
951
606
185
456
541
579
923
786
473
235
81
100
100
861
36
690
652
673
622
888
533
681
142
137
437
1000
97
447
165
302
42
933
425
666
896
609
466
504
869
91
590
752
243
749
629
298
464
461
210
1000
492
779
335
548
428
689
3
148
59
549
70
715
735
614
869
340
1000
151
756
776
233
521
887
983
419
807
668
953
631
223
538
790
879
992
340
846
604
994
717
621
2
570
543
777
212
703
37
333
905
616
981
876
362
997
871
42
137
136
228
323
909
990
649
390
11
72
823
670
958
956
602
504
592
294
545
976
735
641
241
633
298
510
563
481
963
656
748
98
478
409
840
674
291
146
687
778
779
769
545
437
195
332
193
190
522
523
180
162
369
186
394
385
165
662
76
628
572
659
355
286
772
800
85
567
302
843
266
909
815
910
852
850
914
481
380
221
470
27
634
835
147
193
503
996
868
944
952
190
937
67
21
857
527
129
717
352
298
981
861
164
319
231
889
345
685
518
144
929
71
920
92
885
205
517
54
847
21
571
730
779
209
333
162
189
490
803
833
1
266
624
975
276
994
793
769
889
164
704
140
916
367
165
440
815
118
927
14
676
271
2
64
457
326
215
664
349
538
551
661
437
201
702
361
240
886
136
729
305
804
307
484
82
264
488
505
554
353
51
188
333
232
663
654
630
259
444
238
739
170
901
898
758
362
938
38
504
457
173
817
978
290
339
504
587
129
473
360
231
615
491
99
664
945
421
78
835
51
392
534
241
817
318
172
292
33
335
585
550
410
681
946
89
594
700
797
191
500
41
118
338
357
56
220
42
531
301
243
242
445
189
507
235
95
922
375
64
850
906
300
162
438
534
704
439
924
323
53
59
222
624
657
880
431
473
733
967
442
659
228
117
370
808
696
625
977
365
962
188
472
625
52
72
131
575
415
953
957
594
387
829
897
395
949
15
667
771
114
444
38
105
10
359
643
959
969
598
923
286
129
692
853
629
521
294
603
467
209
600
85
983
894
272
733
70
93
36
356
491
423
406
596
880
319
147
688
312
9
655
476
132
857
540
237
641
811
182
193
359
81
772
552
41
647
466
749
227
242
509
660
68
159
235
168
445
889
306
450
147
629
877
859
334
514
846
818
902
80
989
242
584
135
663
685
397
230
282
903
986
890
227
664
973
59
558
97
128
919
639
917
772
536
127
703
176
726
998
672
416
871
669
542
25
959
161
527
467
850
189
843
493
321
59
268
137
387
692
343
178
138
630
785
472
981
259
584
557
710
893
404
148
667
893
206
385
221
468
55
431
561
587
732
860
471
817
755
743
542
544
95
142
252
237
801
798
49
140
100
30
755
260
832
695
369
745
650
692
779
197
256
314
659
482
161
977
409
298
909
257
282
304
327
138
859
954
341
196
701
70
328
718
181
703
754
642
688
616
785
135
69
264
79
931
507
857
240
742
887
551
885
690
118
295
785
511
905
498
475
865
751
203
656
191
386
623
791
95
142
15
44
689
809
412
312
528
170
533
973
155
921
142
331
347
32
899
531
699
959
132
130
691
500
61
800
628
30
77
183
791
87
367
376
850
913
64
316
347
147
698
772
879
728
742
222
251
722
251
252
200
671
728
408
651
173
873
278
607
629
554
960
308
79
682
294
109
895
162
660
581
876
469
825
876
670
625
769
802
236
63
475
301
386
821
260
815
663
269
894
791
596
682
739
97
529
121
784
648
180
128
464
10
965
40
401
258
325
678
414
364
754
889
621
727
189
70
793
862
627
450
394
120
823
859
565
960
216
584
37
228
58
957
94
437
109
367
597
188
676
561
876
574
899
196
108
103
771
142
23
865
852
818
742
799
921
313
981
65
256
958
559
255
818
235
335
324
999
304
178
445
644
981
469
429
814
572
814
524
225
450
942
598
500
901
593
977
100
467
421
434
603
735
821
725
1000
625
388
606
372
821
145
439
984
175
957
106
483
551
247
473
25
47
630
29
247
177
783
122
775
147
585
28
632
967
165
786
684
331
259
835
943
75
675
656
505
370
569
600
933
852
440
497
811
218
88
886
920
669
812
264
780
488
860
273
612
571
204
114
237
64
951
651
532
649
34
942
398
990
90
350
309
925
879
449
664
238
815
377
64
361
51
451
263
588
304
388
405
952
349
880
203
311
600
811
804
307
481
605
855
821
911
581
377
847
782
912
908
938
679
507
303
564
951
326
759
638
286
836
685
519
262
157
800
735
910
178
24
48
923
594
315
503
441
553
77
108
478
171
152
685
813
325
938
317
985
149
277
67
8
930
334
758
100
952
865
240
135
8
92
605
797
385
247
105
840
564
902
127
250
609
941
53
512
487
164
685
984
511
487
329
775
509
562
637
230
762
744
305
792
391
530
697
909
21
100
632
375
773
593
798
246
781
513
708
912
136
472
163
548
443
833
765
216
830
371
581
218
982
870
362
570
206
395
375
366
960
306
800
836
296
725
797
878
950
405
703
637
238
144
746
113
309
267
555
935
377
464
642
442
865
319
947
737
598
319
892
196
994
165
95
575
710
602
36
985
732
116
145
207
566
867
750
857
701
781
288
110
115
626
94
385
722
407
251
504
567
754
822
589
525
155
567
988
655
110
22
902
608
38
119
250
791
486
683
245
80
337
685
417
498
546
324
995
122
984
189
622
770
433
488
16
531
748
62
341
804
130
702
787
108
31
127
309
717
822
240
919
261
883
571
394
911
141
1000
291
69
727
323
787
507
866
64
321
768
214
604
901
172
461
447
822
816
999
664
186
704
536
876
964
903
936
714
106
679
506
580
503
885
153
421
302
661
461
343
98
516
829
347
577
537
555
622
843
637
378
532
514
404
887
182
543
171
29
237
700
760
794
196
811
98
801
686
702
575
383
644
448
557
293
118
466
452
525
109
773
487
518
714
543
828
9
421
269
441
537
115
461
262
775
156
106
484
993
198
88
821
240
961
514
306
596
64
802
378
797
299
624
534
149
100
327
435
924
591
916
258
32
282
812
728
32
737
476
258
241
282
360
222
484
234
555
650
256
570
608
632
591
338
467
687
916
878
39
102
950
592
486
949
570
684
810
978
989
968
800
348
485
65
627
856
91
681
659
472
300
139
848
680
272
331
614
325
452
107
780
326
323
75
560
783
798
300
699
61
555
199
423
712
764
445
521
15
496
750
508
299
657
509
821
842
27
856
873
645
88
891
151
53
432
289
456
525
223
539
580
114
486
839
509
722
912
813
294
563
894
102
179
281
759
542
722
583
424
921
431
146
392
81
421
367
529
389
792
953
889
431
417
819
872
210
393
703
377
868
145
479
784
481
731
935
448
486
688
350
260
474
356
959
853
67
808
315
77
711
763
441
411
781
927
633
465
906
291
121
676
319
101
21
236
629
909
531
891
810
844
355
420
196
784
691
52
50
939
482
974
351
489
820
276
412
630
653
670
792
16
603
785
383
358
501
357
215
251
990
581
509
814
60
806
760
789
225
373
334
190
238
915
863
166
601
789
457
987
63
79
59
594
15
888
612
578
554
266
195
12
62
512
788
633
863
147
5
532
11
250
405
504
68
995
359
717
480
863
71
156
213
294
861
419
47
124
433
412
730
238
654
99
64
171
218
663
17
777
142
101
838
149
493
154
91
402
565
352
955
752
984
746
795
373
995
513
844
973
123
370
479
767
83
44
507
217
538
236
783
351
819
981
851
190
336
71
338
129
682
263
876
485
798
16
862
734
936
884
624
851
673
867
531
341
828
899
743
184
282
704
740
232
845
255
186
144
97
851
647
961
535
268
73
555
583
742
404
869
678
973
240
399
322
530
73
332
308
734
284
810
819
674
248
1
759
382
78
65
519
740
314
340
368
440
429
852
174
796
484
240
865
65
752
679
982
642
206
243
184
138
579
844
93
33
937
51
96
57
582
869
542
914
220
235
221
436
635
871
25
627
752
227
246
280
584
391
118
408
486
466
18
33
341
972
275
140
486
710
886
259
896
363
447
482
509
675
70
263
129
35
62
902
645
443
1000
891
467
144
42
632
98
98
658
685
102
977
324
979
688
896
235
446
548
26
275
358
397
289
84
253
684
226
431
367
677
705
830
264
243
274
557
439
452
194
904
874
350
736
621
158
508
655
118
109
104
883
433
459
375
949
576
173
61
970
229
344
820
574
47
134
829
109
945
255
163
795
170
571
62
733
567
188
595
747
405
603
993
410
756
736
868
220
481
130
794
356
592
714
670
335
319
598
844
995
394
428
567
189
892
177
443
970
837
563
57
646
968
483
33
161
234
229
474
791
301
988
231
739
645
110
416
429
226
930
893
546
958
917
862
32
233
346
260
364
191
40
148
139
717
667
595
873
91
900
552
925
398
952
374
714
567
152
496
156
141
43
197
839
230
48
435
867
225
169
156
658
233
595
316
744
217
961
874
345
858
782
74
668
368
651
94
62
643
184
613
685
690
963
108
238
974
125
48
497
910
478
90
641
353
27
223
862
408
733
532
760
500
990
399
250
889
350
160
569
979
240
618
654
643
918
34
997
360
994
540
838
422
481
803
120
817
253
254
522
814
968
450
24
229
115
316
499
416
117
496
600
364
661
966
759
480
403
346
831
463
590
739
681
826
633
56
867
390
130
16
361
141
310
327
782
115
791
999
908
201
551
447
244
741
785
604
620
151
489
580
308
380
323
908
948
476
604
451
459
138
993
418
65
40
538
485
785
940
546
278
144
107
72
832
319
929
654
522
113
494
882
460
668
819
542
995
846
555
770
342
854
83
438
941
840
837
729
43
598
245
595
181
723
550
544
768
532
933
929
48
211
975
969
557
447
866
834
166
460
728
1
86
70
876
586
544
150
93
363
254
664
338
298
744
427
165
567
31
54
891
328
621
688
731
322
899
847
335
493
791
476
503
775
227
809
733
405
800
658
161
181
582
286
919
79
285
488
280
16
672
607
374
738
292
208
746
494
811
248
497
707
325
735
407
512
641
596
959
755
756
144
159
377
923
158
588
831
678
116
565
652
987
209
694
242
284
925
353
902
993
715
481
189
763
324
78
717
188
276
316
510
198
497
166
749
210
361
209
896
224
49
248
599
314
913
174
10
592
365
614
978
717
865
705
207
99
780
868
234
862
208
736
602
603
874
88
952
421
626
559
953
395
404
255
434
874
436
24
156
960
387
896
373
664
79
361
823
348
644
782
19
549
20
361
242
684
833
730
692
55
180
81
858
152
551
761
754
781
987
922
546
160
221
541
889
488
845
739
634
836
82
219
489
551
433
842
561
146
615
493
321
574
193
415
898
819
755
927
840
225
577
972
303
253
286
50
380
266
155
809
634
437
55
995
880
712
864
462
737
150
117
643
206
860
743
426
768
348
498
670
394
845
519
325
832
663
578
940
521
560
471
826
513
212
886
274
436
548
190
711
871
839
172
951
100
51
540
622
391
207
58
46
635
606
522
855
565
841
226
574
948
267
567
351
437
304
516
538
268
648
177
859
434
510
470
919
889
129
702
375
316
848
356
328
936
115
403
726
82
903
290
182
327
493
62
91
345
989
669
269
249
191
590
736
649
856
168
742
100
315
355
226
245
731
305
688
614
594
335
996
200
891
808
547
968
622
764
227
534
772
435
729
105
199
851
936
678
777
486
554
295
210
253
270
803
685
567
628
595
310
798
819
434
745
564
131
459
700
831
899
462
741
845
920
472
947
452
190
622
771
454
406
215
684
279
211
996
241
803
89
775
601
332
170
936
94
536
722
194
939
8
430
757
224
258
327
557
422
430
334
242
237
670
409
189
226
255
373
580
329
344
893
295
156
580
1
1
561
810
475
70
438
336
609
372
379
335
792
801
949
8
338
744
776
639
354
905
995
736
274
771
275
117
317
121
961
670
312
13
133
18
346
6
764
841
536
612
495
582
540
106
859
546
731
351
620
357
322
672
410
844
954
670
672
792
837
479
670
60
773
322
130
948
33
366
901
403
23
565
921
506
798
785
903
284
511
410
528
751
166
155
681
242
569
305
5
312
314
533
958
661
761
557
682
458
532
810
476
953
972
991
704
935
510
866
550
273
647
300
41
965
207
59
942
285
940
386
21
192
472
672
334
90
450
802
832
128
438
53
582
851
829
641
393
281
311
439
464
264
900
628
405
473
537
340
391
370
793
356
630
604
648
581
974
541
679
492
649
970
289
607
365
636
980
953
878
894
38
111
965
898
85
46
336
348
936
718
139
82
517
17
661
730
178
341
240
436
392
927
829
691
877
45
420
696
82
675
549
698
991
848
635
295
808
262
406
686
893
271
882
672
791
559
417
549
570
284
871
152
610
713
558
264
433
442
705
67
833
127
155
994
158
221
48
375
818
721
273
106
485
29
876
150
382
871
303
293
757
25
79
205
196
392
33
691
542
556
506
975
439
868
666
387
145
383
706
835
850
148
886
403
634
34
267
844
834
16
446
908
97
385
315
672
291
270
56
37
296
94
253
560
870
521
655
674
820
725
569
431
724
522
976
777
695
432
302
449
994
901
23
845
102
804
761
695
256
399
841
761
885
39
234
67
198
128
450
503
818
697
746
822
379
232
156
859
896
661
406
638
436
74
783
208
283
137
281
708
202
821
564
503
493
430
448
746
230
455
832
752
226
525
250
724
9
284
33
617
356
249
606
46
210
570
968
380
309
620
308
482
732
308
453
526
838
410
969
538
990
448
889
571
434
583
755
395
422
749
993
713
697
730
136
738
462
720
612
390
211
762
496
339
26
447
335
169
152
565
550
925
377
683
562
891
384
366
702
298
577
371
56
854
76
322
332
467
966
396
468
590
123
425
88
948
654
919
846
689
24
346
968
660
355
7
786
567
618
810
481
271
349
147
870
561
861
936
415
900
499
412
443
177
246
142
470
166
157
257
953
380
292
397
102
173
244
731
490
689
463
346
846
130
865
862
94
467
776
426
707
385
776
546
401
164
12
395
401
682
923
849
11
494
553
921
716
494
501
560
256
865
4
242
666
310
374
978
619
866
68
560
759
197
991
522
997
435
531
193
522
75
636
581
905
471
125
142
809
862
209
74
812
122
149
346
809
365
624
557
121
576
996
424
61
720
665
323
732
432
75
599
556
436
612
351
277
460
259
152
538
267
938
619
936
267
231
75
983
201
607
474
367
700
441
601
492
885
651
398
800
667
935
47
355
961
225
669
430
346
105
184
362
177
121
648
418
160
440
137
418
971
713
965
115
980
369
594
60
476
160
365
712
415
830
476
559
768
242
1000
804
730
587
430
852
157
503
404
278
805
753
8
271
942
839
67
858
84
574
29
624
127
624
503
883
533
919
717
118
294
272
136
79
795
70
854
866
84
717
984
436
692
811
951
910
715
947
957
581
333
133
509
421
109
966
597
781
762
94
195
893
534
671
345
436
144
417
897
463
990
826
221
537
248
722
805
773
203
183
600
561
210
329
858
168
149
782
931
740
248
288
559
77
856
913
689
304
729
730
57
44
386
631
180
845
213
347
584
950
205
582
916
771
848
713
678
310
407
703
208
357
771
212
42
200
888
583
123
267
475
182
185
969
622
331
927
247
557
419
321
737
954
399
352
729
299
479
219
365
672
132
982
82
229
937
827
838
397
250
255
758
620
89
984
576
21
967
119
155
848
838
120
901
211
633
561
672
772
245
283
874
36
862
993
299
621
168
497
700
3
482
741
225
746
955
419
102
434
15
609
180
141
124
748
866
956
16
655
145
58
880
237
70
405
534
554
984
118
469
215
992
860
223
423
716
645
218
752
632
258
692
185
366
355
698
506
871
89
613
68
291
647
295
367
213
994
413
382
584
74
36
558
975
309
880
165
725
609
452
897
163
331
470
178
60
232
444
937
286
176
831
621
687
49
944
543
89
618
987
837
419
397
343
830
990
111
969
528
34
351
255
982
356
451
248
193
9
345
667
960
938
28
659
935
957
412
554
826
324
532
182
605
320
440
6
540
503
352
458
556
901
729
846
662
192
592
413
551
709
93
927
23
721
803
774
724
951
150
51
911
65
696
945
21
104
376
947
615
805
21
864
564
306
963
539
677
330
89
784
50
828
888
916
723
454
106
93
451
216
49
98
710
128
920
678
663
107
622
913
676
830
478
779
464
389
168
256
666
911
980
648
844
715
248
104
986
719
806
819
656
389
384
670
44
514
340
52
579
236
33
650
678
968
877
320
44
198
169
488
742
955
308
994
550
208
382
542
18
829
614
509
70
622
228
614
518
815
194
576
